,machine_id,start,job,index,duration
0,0,0,20,0,4
1,0,4,22,0,2
2,0,6,35,0,11
3,0,21,44,1,16
4,0,37,9,2,21
5,0,58,34,1,1
6,0,59,17,0,37
7,0,96,43,1,46
8,0,142,13,3,64
9,0,206,1,1,7
10,0,213,31,0,58
11,0,271,4,1,39
12,0,310,3,1,26
13,0,336,46,1,72
14,0,408,42,2,33
15,0,441,33,0,47
16,0,488,36,4,11
17,0,499,26,2,62
18,0,561,10,3,16
19,0,577,5,4,75
20,0,652,32,1,24
21,0,676,0,1,37
22,0,713,11,3,20
23,0,733,7,3,59
24,0,792,8,2,82
25,0,874,37,0,58
26,0,932,39,2,11
27,0,943,15,0,79
28,0,1022,25,1,3
29,0,1025,21,1,86
30,0,1111,28,1,53
31,0,1164,19,1,85
32,0,1261,48,2,50
33,0,1311,49,1,96
34,0,1422,14,3,89
35,0,1511,38,2,65
36,0,1616,24,4,71
37,0,1689,41,3,100
38,0,1789,47,1,87
39,0,1902,12,3,75
40,0,2002,30,2,8
41,0,2116,16,3,76
42,0,2192,2,4,14
43,0,2210,29,2,21
44,0,2231,18,2,46
45,0,2302,27,3,68
46,0,2370,6,4,65
47,0,2517,45,3,18
48,0,2563,23,4,81
49,0,2644,40,2,97
50,1,0,34,0,30
51,1,30,9,1,7
52,1,37,13,1,3
53,1,40,42,0,30
54,1,70,5,1,44
55,1,114,3,0,46
56,1,160,1,0,11
57,1,171,43,3,77
58,1,248,26,0,68
59,1,316,35,4,18
60,1,334,10,0,53
61,1,387,20,3,60
62,1,447,36,3,20
63,1,467,11,0,71
64,1,538,44,2,48
65,1,586,6,0,1
66,1,587,24,0,77
67,1,664,22,1,48
68,1,713,33,1,89
69,1,802,7,4,33
70,1,837,0,3,1
71,1,838,31,4,79
72,1,917,46,3,6
73,1,930,8,4,26
74,1,956,39,3,23
75,1,979,32,3,41
76,1,1022,15,1,65
77,1,1088,14,1,28
78,1,1116,21,2,5
79,1,1121,48,0,80
80,1,1201,41,1,5
81,1,1206,49,0,78
82,1,1284,28,3,89
83,1,1373,16,1,93
84,1,1522,37,4,21
85,1,1576,38,3,80
86,1,1657,19,4,94
87,1,1751,25,4,76
88,1,1827,4,4,62
89,1,1889,47,2,96
90,1,1985,12,4,7
91,1,1992,23,0,71
92,1,2063,30,4,86
93,1,2149,2,2,1
94,1,2150,27,1,96
95,1,2246,17,2,92
96,1,2338,29,4,85
97,1,2423,18,4,2
98,1,2425,45,2,92
99,1,2807,40,4,21
100,2,0,40,0,6
101,2,6,13,0,12
102,2,18,44,0,3
103,2,31,36,1,51
104,2,82,9,3,73
105,2,155,43,2,1
106,2,156,46,0,18
107,2,174,42,1,66
108,2,247,35,3,67
109,2,314,20,2,64
110,2,378,8,1,25
111,2,403,7,0,18
112,2,432,1,4,52
113,2,484,5,3,67
114,2,551,11,1,54
115,2,605,10,4,64
116,2,669,28,0,86
117,2,755,12,0,76
118,2,831,31,3,1
119,2,832,39,1,29
120,2,861,0,4,65
121,2,926,34,4,73
122,2,999,17,1,17
123,2,1020,32,4,59
124,2,1079,22,4,58
125,2,1137,37,2,9
126,2,1146,25,2,61
127,2,1207,21,4,77
128,2,1284,15,4,17
129,2,1301,41,2,13
130,2,1314,38,1,58
131,2,1372,33,2,68
132,2,1440,19,2,20
133,2,1460,48,4,85
134,2,1545,14,4,52
135,2,1597,24,3,19
136,2,1616,3,3,36
137,2,1652,4,2,92
138,2,1744,27,0,62
139,2,1806,49,4,99
140,2,1905,30,1,97
141,2,2002,47,3,58
142,2,2060,6,1,99
143,2,2159,2,3,1
144,2,2160,26,3,93
145,2,2253,29,3,78
146,2,2331,18,3,36
147,2,2367,16,4,23
148,2,2507,23,3,56
149,2,2563,45,4,19
150,3,0,16,0,20
151,3,20,9,0,1
152,3,21,43,0,55
153,3,76,34,2,61
154,3,137,5,2,43
155,3,181,35,2,66
156,3,247,13,4,30
157,3,277,1,2,68
158,3,345,36,2,67
159,3,412,10,1,27
160,3,439,31,1,4
161,3,447,20,4,79
162,3,526,32,0,85
163,3,611,44,4,51
164,3,662,7,2,15
165,3,677,11,2,21
166,3,698,39,0,74
167,3,772,0,2,64
168,3,836,42,3,70
169,3,906,8,3,23
170,3,929,22,3,25
171,3,954,21,0,32
172,3,986,46,4,67
173,3,1053,19,0,83
174,3,1136,15,3,78
175,3,1214,28,2,3
176,3,1217,38,0,85
177,3,1302,14,2,87
178,3,1389,48,3,65
179,3,1454,37,3,68
180,3,1522,24,2,72
181,3,1594,25,3,98
182,3,1692,3,4,20
183,3,1737,49,3,5
184,3,1744,4,3,53
185,3,1797,41,4,12
186,3,1811,12,2,91
187,3,1902,33,4,17
188,3,1919,29,0,90
189,3,2010,30,3,27
190,3,2038,18,1,74
191,3,2112,2,1,29
192,3,2141,47,4,83
193,3,2246,6,3,86
194,3,2332,26,4,22
195,3,2354,45,0,30
196,3,2384,27,4,24
197,3,2408,23,2,99
198,3,2507,17,4,59
199,3,2741,40,3,66
200,4,0,5,0,13
201,4,13,8,0,13
202,4,26,36,0,5
203,4,40,13,2,35
204,4,75,47,0,48
205,4,123,35,1,58
206,4,181,9,4,39
207,4,220,4,0,46
208,4,266,43,4,19
209,4,285,20,1,16
210,4,301,41,0,34
211,4,335,26,1,54
212,4,389,1,3,43
213,4,439,10,2,55
214,4,494,0,0,69
215,4,563,34,3,20
216,4,586,44,3,8
217,4,594,7,1,63
218,4,657,14,0,63
219,4,720,22,2,23
220,4,743,11,4,23
221,4,766,31,2,49
222,4,815,46,2,92
223,4,907,42,4,16
224,4,923,32,2,23
225,4,946,25,0,38
226,4,984,39,4,34
227,4,1018,37,1,83
228,4,1101,15,2,35
229,4,1136,21,3,66
230,4,1202,48,1,5
231,4,1207,30,0,85
232,4,1292,3,2,83
233,4,1375,28,4,37
234,4,1412,24,1,85
235,4,1497,12,1,72
236,4,1569,19,3,88
237,4,1657,49,2,80
238,4,1737,38,4,50
239,4,1787,33,3,88
240,4,1875,18,0,90
241,4,1965,2,0,90
242,4,2055,16,2,61
243,4,2116,29,1,94
244,4,2210,6,2,36
245,4,2246,27,2,56
246,4,2302,23,1,92
247,4,2394,45,1,23
248,4,2417,17,3,30
249,4,2447,40,1,67
250,5,277,13,5,94
251,5,461,43,8,37
252,5,498,9,7,29
253,5,527,20,5,37
254,5,633,35,8,62
255,5,695,10,5,78
256,5,773,36,9,1
257,5,790,5,7,95
258,5,885,11,6,99
259,5,1003,42,6,58
260,5,1061,7,6,63
261,5,1124,0,6,67
262,5,1191,31,8,16
263,5,1207,32,7,58
264,5,1265,1,9,36
265,5,1338,46,8,51
266,5,1391,15,6,54
267,5,1450,21,6,68
268,5,1518,39,7,77
269,5,1607,8,9,41
270,5,1648,37,7,19
271,5,1687,24,5,34
272,5,1721,28,6,59
273,5,1780,48,6,47
274,5,1827,25,5,14
275,5,1841,19,6,16
276,5,1866,14,9,37
277,5,1903,38,6,43
278,5,1946,34,8,43
279,5,1989,49,6,38
280,5,2027,41,7,75
281,5,2105,3,8,56
282,5,2187,33,8,92
283,5,2293,2,6,13
284,5,2306,12,8,63
285,5,2390,16,5,10
286,5,2400,22,9,27
287,5,2427,27,5,41
288,5,2468,6,6,17
289,5,2485,29,5,94
290,5,2579,47,6,26
291,5,2605,17,5,47
292,5,2652,18,6,83
293,5,2735,30,8,68
294,5,2803,45,7,50
295,5,2853,26,8,77
296,5,2930,44,9,94
297,5,3024,40,8,17
298,5,3043,4,9,46
299,5,3089,23,9,43
300,6,220,9,5,32
301,6,402,43,7,59
302,6,484,1,5,29
303,6,572,36,6,42
304,6,614,20,6,49
305,6,663,5,5,5
306,6,737,44,6,19
307,6,768,13,8,79
308,6,847,35,9,71
309,6,923,42,5,80
310,6,1003,10,9,20
311,6,1023,31,6,44
312,6,1099,32,6,52
313,6,1151,7,7,85
314,6,1236,46,6,32
315,6,1268,11,8,94
316,6,1377,0,9,79
317,6,1456,22,8,85
318,6,1543,37,5,28
319,6,1571,8,8,24
320,6,1595,39,8,83
321,6,1680,15,9,23
322,6,1713,21,9,4
323,6,1744,24,8,62
324,6,1806,19,5,14
325,6,1822,14,8,44
326,6,1866,28,8,19
327,6,1885,48,7,33
328,6,1919,33,5,48
329,6,1992,12,5,53
330,6,2045,34,9,74
331,6,2119,41,8,91
332,6,2222,3,9,42
333,6,2264,4,8,87
334,6,2354,26,5,57
335,6,2411,25,9,44
336,6,2455,18,5,9
337,6,2468,27,6,19
338,6,2487,2,9,97
339,6,2590,6,8,15
340,6,2605,29,6,90
341,6,2695,45,6,57
342,6,2755,16,9,77
343,6,2832,23,6,66
344,6,2898,38,9,18
345,6,2926,47,9,86
346,6,3012,40,7,12
347,6,3026,17,8,13
348,6,3039,49,9,44
349,6,3083,30,9,57
350,7,285,43,5,85
351,7,370,9,6,77
352,7,447,35,6,88
353,7,535,36,5,37
354,7,584,1,7,81
355,7,665,44,5,72
356,7,737,13,7,31
357,7,768,20,7,67
358,7,835,7,5,95
359,7,930,5,8,28
360,7,958,8,5,22
361,7,980,10,8,20
362,7,1000,11,7,61
363,7,1061,39,5,84
364,7,1145,42,8,86
365,7,1231,31,9,13
366,7,1244,22,6,14
367,7,1258,34,6,41
368,7,1299,0,8,72
369,7,1371,21,5,15
370,7,1389,46,9,55
371,7,1444,28,5,100
372,7,1544,15,8,57
373,7,1601,48,5,88
374,7,1689,37,8,32
375,7,1721,24,6,9
376,7,1730,14,7,92
377,7,1822,38,5,79
378,7,1901,19,7,62
379,7,1963,41,6,59
380,7,2022,3,7,65
381,7,2087,49,7,29
382,7,2116,4,6,65
383,7,2181,25,8,43
384,7,2224,12,7,71
385,7,2295,32,9,77
386,7,2372,2,8,41
387,7,2413,26,6,79
388,7,2492,16,7,20
389,7,2512,30,6,5
390,7,2517,27,7,2
391,7,2519,6,7,71
392,7,2590,33,9,47
393,7,2637,47,7,77
394,7,2714,23,5,79
395,7,2793,17,7,45
396,7,2838,18,8,88
397,7,2926,29,9,56
398,7,2982,45,8,64
399,7,3046,40,9,96
400,8,334,35,5,42
401,8,376,13,6,67
402,8,498,43,9,69
403,8,614,36,7,25
404,8,756,44,7,58
405,8,814,9,8,89
406,8,903,10,7,60
407,8,964,31,5,10
408,8,999,34,5,78
409,8,1079,32,5,20
410,8,1099,42,7,8
411,8,1107,46,5,100
412,8,1209,1,8,12
413,8,1221,20,9,5
414,8,1227,0,7,43
415,8,1270,22,7,21
416,8,1301,15,5,90
417,8,1391,39,6,57
418,8,1448,5,9,85
419,8,1533,8,7,16
420,8,1601,7,8,34
421,8,1635,14,5,2
422,8,1637,11,9,71
423,8,1712,21,8,1
424,8,1721,37,9,66
425,8,1813,41,5,63
426,8,1876,3,6,23
427,8,1899,28,9,35
428,8,1946,38,7,29
429,8,1975,33,6,84
430,8,2059,12,6,32
431,8,2091,25,7,26
432,8,2117,48,8,50
433,8,2181,4,7,74
434,8,2255,2,5,38
435,8,2315,19,9,9
436,8,2324,24,9,58
437,8,2400,16,6,34
438,8,2435,6,5,32
439,8,2467,47,5,77
440,8,2544,27,8,73
441,8,2617,30,7,96
442,8,2713,17,6,7
443,8,2720,29,7,28
444,8,2748,18,7,90
445,8,2838,40,5,90
446,8,2928,49,8,69
447,8,2997,26,9,45
448,8,3042,23,8,47
449,8,3089,45,9,27
450,9,370,43,6,32
451,9,513,1,6,71
452,9,584,35,7,49
453,9,639,36,8,57
454,9,696,5,6,94
455,9,790,11,5,40
456,9,830,10,6,32
457,9,862,20,8,95
458,9,957,0,5,34
459,9,991,44,8,59
460,9,1067,31,7,87
461,9,1154,8,6,35
462,9,1189,22,5,55
463,9,1244,13,9,14
464,9,1258,42,9,66
465,9,1324,46,7,14
466,9,1338,9,9,21
467,9,1359,32,8,75
468,9,1445,15,7,91
469,9,1571,37,6,77
470,9,1648,7,9,3
471,9,1651,14,6,21
472,9,1672,21,7,40
473,9,1712,3,5,4
474,9,1730,24,7,14
475,9,1744,34,7,52
476,9,1796,28,7,23
477,9,1819,39,9,82
478,9,1905,49,5,58
479,9,1963,4,5,68
480,9,2031,25,6,56
481,9,2087,33,7,100
482,9,2187,48,9,75
483,9,2262,19,8,53
484,9,2315,2,7,21
485,9,2336,41,9,89
486,9,2425,12,9,53
487,9,2478,30,5,26
488,9,2504,38,8,9
489,9,2513,16,8,87
490,9,2600,45,5,32
491,9,2632,27,9,50
492,9,2682,26,7,19
493,9,2701,6,9,61
494,9,2762,29,8,92
495,9,2854,47,8,72
496,9,2928,40,6,46
497,9,2974,23,7,42
498,9,3016,18,9,39
499,9,3055,17,9,60
